46
46
47
49
49
47
46
44
42
42
44
46
46
44
44
46
46
47
49
49
47
46
44
42
42
44
46
44
42
42
44
44
46
42
44
46
47
46
42
44
46
47
46
44
42
44
37
46
46
47
49
49
47
46
47
44
42
42
44
46
44
42
42
58
58
59
61
61
59
58
56
54
54
56
58
58
56
56
58
58
59
61
61
59
58
56
54
54
56
58
56
54
54
56
56
58
54
56
58
59
58
54
56
58
59
58
56
54
56
49
58
58
59
61
61
59
58
59
56
54
54
56
58
56
54
54
70
70
71
73
73
71
70
68
66
66
68
70
70
68
68
70
70
71
73
73
71
70
68
66
66
68
70
68
66
66
68
68
70
66
68
70
71
70
66
68
70
71
70
68
66
68
61
70
70
71
73
73
71
70
71
68
66
66
68
70
68
66
66
