66
66
67
69
69
67
66
64
62
62
64
66
66
64
64
66
66
67
69
69
67
66
64
62
62
64
66
64
62
62
64
64
66
62
64
66
67
66
62
64
66
67
66
64
62
64
57
66
66
67
69
69
67
66
67
64
62
62
64
66
64
62
62
78
78
79
81
81
79
78
76
74
74
76
78
78
76
76
78
78
79
81
81
79
78
76
74
74
76
78
76
74
74
76
76
78
74
76
78
79
78
74
76
78
79
78
76
74
76
69
78
78
79
81
81
79
78
79
76
74
74
76
78
76
74
74
90
90
91
93
93
91
90
88
86
86
88
90
90
88
88
90
90
91
93
93
91
90
88
86
86
88
90
88
86
86
88
88
90
86
88
90
91
90
86
88
90
91
90
88
86
88
81
90
90
91
93
93
91
90
91
88
86
86
88
90
88
86
86
