78
78
78
78
79
79
81
81
81
81
79
79
78
78
76
76
74
74
74
74
76
76
78
78
78
78
76
76
76
76
78
78
78
78
79
79
81
81
81
81
79
79
78
78
76
76
74
74
74
74
76
76
78
78
76
76
74
74
74
74
76
76
76
76
78
78
74
74
76
76
78
78
79
79
78
78
74
74
76
76
78
78
79
79
78
78
76
76
74
74
76
76
69
69
78
78
78
78
79
79
81
81
81
81
79
79
78
78
79
79
76
76
74
74
74
74
76
76
78
78
76
76
74
74
74
74
90
90
90
90
91
91
93
93
93
93
91
91
90
90
88
88
86
86
86
86
88
88
90
90
90
90
88
88
88
88
90
90
90
90
91
91
93
93
93
93
91
91
90
90
88
88
86
86
86
86
88
88
90
90
88
88
86
86
86
86
88
88
88
88
90
90
86
86
88
88
90
90
91
91
90
90
86
86
88
88
90
90
91
91
90
90
88
88
86
86
88
88
81
81
90
90
90
90
91
91
93
93
93
93
91
91
90
90
91
91
88
88
86
86
86
86
88
88
90
90
88
88
86
86
86
86
102
102
102
102
103
103
105
105
105
105
103
103
102
102
100
100
98
98
98
98
100
100
102
102
102
102
100
100
100
100
102
102
102
102
103
103
105
105
105
105
103
103
102
102
100
100
98
98
98
98
100
100
102
102
100
100
98
98
98
98
100
100
100
100
102
102
98
98
100
100
102
102
103
103
102
102
98
98
100
100
102
102
103
103
102
102
100
100
98
98
100
100
93
93
102
102
102
102
103
103
105
105
105
105
103
103
102
102
103
103
100
100
98
98
98
98
100
100
102
102
100
100
98
98
98
98
